40986008519
40986714850
40987052754
40990158026
40969551662
40976291297
40974272722
40980743828
40976104215
40976972448
40978692822
40970930841
40975144406
40979285693
40975329418
40981507353
40981423789
40981528942
40980093682
40981517131
40980570481
40981819590
40977920083
40979964000
40980745398
40980913823
40981828665
40979842055
40981336053
40981793527
40978763999
40980219307
40981424272
40980743376
40985543596
40975392967
40979028208
40980178593
40975783746
40982891996
40982229059
40982769943
40982956215
40983859784
40984590266
40987332080
40987465363
40987701811
40983797292
40987326235
40987800883
40988215298
40988509647
40988554291
40989312558
40988605901
40984426833
40976214655
40982892285
40987466010
40987872789
40987955987
40988135609
40988290230
40986021569
40988413655
40968931537
40986763386
40979177579
40989091625
40980178589
40989418240
40978221565
40989516455
40989746415
40987994013
40988116428
40988358079
40980930438
40975764595
40981214573
40981215914
40965054400
40981509561
40980520280
40989478418
40989986146
40981933823
40982063395
40982129288
40982181399
40982213207
40982244388
40982265848
40982316676
40982401090
40982457267
40982483604
40981317654
40982552564
40982639063
40982654349
40982794975
40982868061
40982943432
40983033145
40983083116
40983156456
40983261350
40979344259
40981872436
40979337697
40980599590
40983385524
40983422832
40983461179
40983492205
40983493134
40983587454
40983602849
40983763722
40983910601
40983932916
40983964310
40983999422
40984085039
40984149293
40984277199
40984294439
40984356023
40984483316
40984551715
40984619313
40984718776
40984748530
40984780786
40984815371
40984975977
40985006005
40985020656
40985150275
40985163707
40985190115
40985200811
40985251338
40985260264
40985310816
40985366575
40985516768
40985661080
40985719910
40985739453
40985841749
40985866248
40985870942
40985883724
40985946323
40985956721
40985967730
40986077028
40986088319
40986097700
40986231736
40986231329
40986231731
40986231269
40986232324
40986449949
40986563454
40986575253
40986852774
40986896740
40986987291
40983568454
40983673671
40985694212
40987062808
40987126538
40987136766
40987142232
40987186847
40987281951
40987693547
40987748091
40987767573
40987840595
40987904216
40988051164
40980242921
40988357420
40982320366
40988504595
40988531204
40988532375
40988538211
40988579830
40988642643
40988792986
40988872080
40988913696
40988949400
40988948888
40989016740
40989240527
40989260750
40989260743
40989299581
40989303421
40989402252
40989446782
40983741645
40989543978
40989569464
40989590098
40989629637
40989689888
40989746413
40989746067
40989746640
40989753891
40989823511
40989827544
40989868966
40989887257
40988604983
40989951041
40989992966
40990062586
40990062590
40990066566
40990117122
40987244427
40991027187
40991271149
40992273182
40974056157
40980589687
40981917386
40980272955
40976502331
40980384372
40980563318
40981136267
40983783571
40982140779
40983783865
40976416407
40981698398
40988814313
40979168355
40981552338
40989050618
40981796648
40981796460
40981958126
40982116750
40983413004
40983452094
40983689790
40983741493
40983778799
40983943538
40984299168
40984523568
40985416060
40986928024
40987067507
40987797061
40987811380
40987988449
40988224104
40988461442
40988798703
40988992773
40981009111
40986871728
40989307174
40989470980
40991317800
40977198971
40981354126
40980607330
40987812590
40987164353
40987795488
40985544510
40986845886
40981604719
40982012841
40982089374
40983424190
40984517634
40985096751
40985181765
40985523580
40985947875
40985949541
40986017263
40986128190
40986128276
40986143003
40986218254
40986349223
40986437458
40986705719
40986888746
40987317483
40987346161
40985935655
40985935658
40987445626
40988705673
40983474555
40989578385
40990139928
40981420458
40980317529
40982720905
40986909461
40981628307
40982972517
40982426633
40982849875
40987537591
40982850428
40984413006
40982041212
40982296511
40982760343
40982798325
40975654736
40983293363
40983302198
40983330618
40983364204
40983368903
40983550858
40983948818
40984255676
40984477501
40984620329
40984724240
40985285319
40985312964
40986196342
40986894305
40987537598
40980841684
40988335725
40988407178
40988470719
40988695234
40986873960
40989270203
40989756181
40989756180
40989951935
40989979578
40990129675
40990325839
40990370598
40990231991
40974295728
40979490003
40979798158
40979043354
40982189861
40983071266
40984613018
40985753831
40988704536
40989390749
40989612100
40990286783
40980261242
40987694046
40984510903
40983897020
40984636127
40987898331
40977459382
40980534194
40981542066
40981381237
40980259901
40981084995
40985854254
40989271187
40984762100
40985809694
40978928398
40979114181
40989411119
40978579210
40982226433
40982282644
40982816398
40982878011
40983038820
40983039959
40983447393
40983463339
40984136354
40984434395
40985504968
40985873869
40985942862
40986043416
40986544304
40986586069
40987298752
40987353998
40987496964
40987563119
40988340625
40988717634
40988781109
40989101317
40989134548
40989271289
40989271195
40989271188
40989271398
40989489047
40989500778
40989784556
40989838343
40990251744
40992035165
40979115543
40984533183
40987442973
40989325119
40981888136
40983609146
40983621421
40983805409
40983982757
40984126736
40984129097
40984142233
40984692205
40985048622
40987339305
40987917903
40984001757
40989478588
40979973227
40991698243
40989968772
40990289104
40979071551
40980207137
40981619097
40980282513
40980467342
40981934333
40986511895
40980281152
40981632602
40983357339
40987473351
40988157740
40973531418
40987454516
40980507770
40981520294
40990028277
40982077770
40982240374
40982783483
40983031831
40983399246
40984164494
40984437187
40984500792
40984608836
40984846080
40985073344
40985254249
40985718354
40986337692
40986337684
40986338114
40986338409
40986338117
40986371072
40986960017
40987226040
40983838198
40988128282
40988161421
40988161326
40988626837
40988993156
40989063642
40987333748
40989281583
40989297182
40989488427
40983430230
40990057687
40990336477
40985809310
40985852376
40986040403
40986068396
40986251025
40985093205
40981741309
40989775949
40990055592
40982806980
40974275105
40966483323
40971177437
40981305293
40975620737
40977563406
40978432723
40974855289
40979232761
40979319807
40978238091
40979672754
40979708430
40977383819
40981768903
40980037952
40980307579
40980871126
40981408982
40981607829
40981428409
40980607334
40982011445
40982044308
40977907652
40980316218
40980371268
40981214098
40978871555
40981402226
40981469654
40971953056
40979844729
40970602327
40979733991
40965409442
40980459016
40981602874
40981911340
40967117255
40979230395
40980758716
40981160371
40972293465
40980083217
40979734628
40981927080
40983034374
40981418007
40984407784
40986839861
40981603853
40980412904
40979078527
40979883173
40980704365
40981377306
40976911563
40977095077
40981740500
40983009665
40983369510
40983386772
40984240302
40984493170
40985801170
40986230901
40981925074
40983929537
40986122150
40986101499
40986757964
40987575380
40987777375
40984336895
40985220123
40987435553
40987781503
40987551020
40986919253
40988247558
40988721412
40989000338
40986318721
40987190313
40982864568
40987645244
40982748142
40983940900
40984265326
40984950357
40985251838
40986324577
40986270107
40986589197
40987206183
40978893877
40985435710
40988068146
40987704802
40965130735
40967072150
40987785706
40972100722
40972279266
40964762164
40973295058
40975413554
40967058012
40971054609
40976553239
40988336027
40977182936
40988383010
40977940704
40978816184
40979111733
40988938549
40979599012
40989249125
40989275735
40979768255
40984373583
40980516049
40980583071
40989249118
40989355903
40989464361
40989494405
40989755901
40969184011
40981551065
40989457189
40989467420
40989655863
40981810662
40981813856
40981832904
40981960606
40981948028
40988115752
40982042717
40982043789
40982043783
40982044305
40982043781
40982044310
40982043785
40982096895
40982180641
40982283863
40982294370
40982317934
40990031908
40982460505
40982191868
40982545988
40990117757
40982604469
40982684453
40982694136
40982730505
40982364417
40982742014
40982748150
40982748156
40982784342
40982784293
40982828785
40982830247
40982825676
40982827381
40982942348
40982947254
40982950418
40981983939
40983138011
40964533450
40959514032
40964533547
40983252559
40945775546
40983261832
40983262213
40965154524
40979844530
40981176326
40983285175
40983285080
40983340084
40983365750
40983378770
40983390193
40983512202
40983551914
40983598268
40983580960
40983612526
40983639169
40983639634
40983639168
40983644665
40983646702
40983652327
40983689755
40983822877
40975621709
40983897252
40983929933
40983935108
40983965407
40984006412
40984054965
40984081182
40984128324
40984177928
40984265318
40984288390
40984291025
40984345644
40984387981
40966231308
40984422105
40984439992
40984455984
40984460779
40984461889
40984461254
40984463305
40984461439
40984464230
40984496171
40984510388
40984510384
40984518233
40984572582
40984580296
40984581310
40984589000
40984610816
40984629111
40984671371
40984775560
40984822800
40984830181
40984959217
40985037966
40985049415
40985055046
40985071850
40985088246
40985126340
40985130582
40985189736
40985245549
40985256149
40985362230
40985426756
40985452537
40985484232
40985528278
40985589680
40985644477
40985758251
40985881509
40985878916
40985904019
40982610639
40986065364
40986069062
40986087945
40986137591
40986149372
40986233013
40986282379
40986532062
40986711352
40986714036
40980098546
40986738006
40986741398
40986760558
40986788815
40986806099
40986819460
40986814144
40986826629
40986827331
40986850027
40986855081
40986873448
40986904762
40986952704
40980972461
40984669081
40983460855
40987040253
40987040540
40987077113
40987086360
40987125087
40987189846
40987192892
40987202209
40987206058
40987206076
40987285501
40987284482
40987311572
40986854149
40987393644
40978758839
40987470543
40987488511
40977560614
40987646952
40987651614
40987668809
40987748564
40987776403
40987845805
40987846581
40987892703
40987917028
40988139224
40988178286
40988221959
40988288619
40988309859
40988316310
40988360253
40988386018
40988400434
40988410919
40988471066
40988483589
40988553601
40988645723
40988670643
40988686217
40988714211
40988720873
40988729811
40988758318
40988759451
40988760948
40988844950
40988957331
40988978686
40989006547
40989013937
40980799355
40980592998
40981216096
40988094691
40988520424
40989266664
40989266719
40988547889
40989355342
40987827833
40989406985
40989511028
40989619726
40989689982
40989716016
40989728040
40989743120
40989909901
40989880536
40989878887
40989958186
40989983654
40989686825
40990088389
40990093473
40988383432
40990158875
40990216041
40990228852
40990241505
40990352048
40990538773
40990674672
40990863498
40991072803
40991117236
40991249035
40991330656
40991567222
40991635376
40991932472
40985714809
40985775849
40986059140
40986136000
40986208532
40986269441
40984051907
40987122148
40982933225
40984148282
40984952742
40985728293
40986706378
40989605404
40989830179
40989929341
40990537657
40976425835
40975459300
40975517110
40976201399
40976562725
40974313860
40974265507
40975286101
40975531891
40983178377
40982856796
40976853159
40966308779
40975144794
40976521787
40977173027
40978700454
40972549687
40978805481
40979021677
40979117936
40976487708
40979353682
40979926261
40980312528
40980581514
40980599989
40980320756
40981510481
40981900188
40979613124
40979951905
40979975422
40980026405
40980050595
40979110481
40980390738
40981017572
40982039470
40980293805
40981157654
40976710727
40978482451
40980240969
40980681669
40978863213
40979025620
40979766812
40980473153
40980474361
40980686827
40976210832
40978191978
40981422830
40981564399
40981618606
40979733451
40980433514
40981422828
40980581875
40981840842
40979791321
40979843903
40978871258
40980183797
40980613771
40977621395
40981309361
40969459798
40981580179
40982020648
40978806460
40980641641
40981422835
40981591860
40981903753
40980156049
40977886718
40978849946
40981672399
40979974765
40980475277
40982126064
40979797074
40984000306
40984005546
40984528060
40984960044
40985021171
40985250895
40985849334
40986311759
40988019209
40978286205
40981878749
40981013707
40980735117
40980313529
40982643526
40983283731
40983463659
40980552866
40982503510
40983700026
40981595445
40982404832
40982796159
40983214230
40981753320
40984165989
40984761649
40984960020
40985303372
40985748444
40986516535
40979835987
40980844955
40983453047
40980436670
40971192970
40986917583
40985707575
40985708484
40986227623
40986246663
40986726176
40987323967
40987525412
40987138400
40987451666
40987717970
40986100472
40987154006
40987240022
40987619200
40987787341
40988445532
40988502596
40989250125
40989374515
40987913485
40986018439
40982489157
40983441810
40983843102
40983910826
40977060098
40984357133
40985376184
40986227849
40986718747
40986986210
40971690865
40983605644
40985066891
40986991017
40987419288
40981195285
40982643160
40984532626
40983406098
40982467319
40979865677
40985552749
40985858020
40986796618
40986978708
40988816259
40988933289
40988943474
40988973696
40988992367
40989071661
40989114453
40989262871
40989270648
40989338104
40987451572
40964720342
40966104820
40967593057
40968746659
40973474559
40974147850
40974290946
40975142515
40975326877
40977115891
40988394894
40988583548
40979153911
40979304016
40989162594
40989262859
40979797799
40988186117
40980017335
40987261452
40989403911
40989451626
40988275817
40980908402
40980920292
40980954841
40989270440
40989301594
40989367962
40989515697
40981165868
40976095111
40979962779
40981343749
40977426926
40989802667
40989981121
40980595266
40988366964
40966638564
40981597490
40989373836
40989676554
40981745623
40989801332
40981799421
40981932296
40988798999
40982036148
40982042137
40982043554
40982072552
40989558072
40982287229
40989852540
40982347693
40982381342
40982404826
40982430509
40982457957
40982464669
40982467223
40982467225
40982499351
40982567647
40982584315
40982591054
40982470281
40982601393
40982629743
40980785482
40982368566
40982643609
40982643516
40982643519
40982675975
40982678619
40982702930
40982712834
40982739710
40982741512
40982759058
40982782291
40982807475
40982818435
40982818432
40982823286
40982863436
40982889524
40982898574
40982898283
40982898285
40982899203
40982902245
40982898572
40982903931
40982907110
40982934301
40982950296
40982960996
40982974103
40982997707
40983034113
40983065205
40983083350
40983097937
40983097630
40983107161
40983167734
40983227973
40983237732
40973354852
40977453324
40981506575
40981211358
40979893818
40983280262
40980377694
40983319757
40983325532
40983137709
40983361719
40983369397
40983406096
40983416575
40983416573
40983416574
40983476640
40981423016
40983502554
40983564901
40983625809
40983625798
40983657806
40983638445
40983665005
40983662057
40983674841
40983715135
40983815529
40983840404
40983842218
40983847251
40983855694
40983917185
40983994305
40983994309
40983995430
40983996922
40984000308
40983999687
40984000313
40984080448
40984089464
40984092561
40984118993
40984214317
40984292775
40984310549
40984356595
40984454697
40984469312
40984469157
40984535696
40984578259
40984592341
40984594395
40972560375
40984638455
40984662184
40984670169
40984680511
40984694925
40984723052
40984741719
40984776728
40984804841
40984943688
40983315474
40983315677
40984975844
40984975675
40984975896
40984978217
40984993587
40984998037
40985052589
40985055481
40985143819
40985156923
40985158675
40985175826
40985177174
40985203895
40985250841
40985251574
40985250838
40985250500
40985250099
40985284342
40985329267
40969176899
40985354364
40985426171
40985478271
40974126438
40985550225
40985577840
40985599396
40985606093
40985609575
40985629569
40985630472
40985641721
40985658620
40985634707
40985688322
40985709161
40985708880
40985724224
40985132974
40985770632
40985782017
40985805078
40985815228
40985830697
40985841426
40985863625
40985862653
40985880307
40985879643
40985879638
40985971037
40986047902
40986060604
40986070984
40985371477
40986182950
40986259979
40986272294
40986272845
40986316637
40986325464
40986383715
40986389811
40986427712
40986456868
40986469689
40986563387
40986711341
40986768674
40986772417
40986771678
40986789536
40986831923
40986895376
40986875768
40986914250
40986949182
40986951132
40986965056
40951593010
40986985021
40986987458
40986988407
40986987969
40987003366
40987004131
40985155749
40982971992
40982636351
40987003004
40986717546
40987011440
40983776867
40986360677
40987034580
40987038018
40987053959
40987054548
40987055703
40987055657
40987048567
40987063598
40986852959
40970765595
40987082798
40987092933
40987090590
40987114034
40987125266
40987140368
40987140252
40987175725
40987236359
40984594743
40987240018
40987240730
40987239655
40987250793
40987250789
40987324286
40987360605
40987360602
40987382650
40986964342
40987419380
40987419300
40987421573
40987388094
40977333089
40987451669
40987451574
40987122961
40987558020
40987558204
40987574756
40987574493
40987609177
40987569206
40987624319
40987662735
40987746021
40987879699
40987904027
40987925001
40987983742
40988006239
40988045817
40988030852
40988179606
40988188016
40988185648
40985393053
40987922934
40982478470
40988195230
40988195154
40988207528
40988230184
40988245278
40988293729
40988307628
40988360141
40988396294
40988401745
40988404897
40988428686
40988431548
40988439119
40988450533
40985423154
40988527067
40988542808
40988623221
40988716816
40988738326
40988735246
40988737959
40988791553
40988799708
40988799809
40988803173
40988807464
40988825776
40988935500
40988973965
40988973787
40988973970
40988973973
40989091275
40989125551
40977703998
40986838033
40989237770
40989237911
40983732612
40989237917
40989237825
40983936274
40986988751
40983772054
40989242532
40983877572
40984013897
40988255667
40986537909
40987036979
40986770774
40984010537
40983671238
40982108830
40986057165
40986885292
40986825710
40987273045
40983627756
40989261706
40986953702
40987133593
40987141089
40985499451
40989270334
40989270419
40989270428
40989270161
40989270170
40989270352
40989270362
40989275406
40989348615
40989353977
40989380835
40989425281
40989536832
40989533575
40989559032
40989557872
40989558066
40989603217
40989732004
40989621681
40989622336
40989627310
40989674376
40989684767
40989747563
40989768272
40989772311
40989771155
40989771982
40989812349
40989832452
40989852533
40989851689
40989855016
40989851692
40989851697
40989854289
40989886515
40987146531
40989946505
40989974136
40990028480
40990050211
40990052246
40990052240
40990108851
40990108986
40990150701
40989337093
40990234694
40990289746
40990331495
40990341385
40990692928
40990692830
40990694469
40990739373
40990776835
40990834170
40990895673
40990980143
40991021119
40991091980
40991199232
40991230411
40991249867
40991274812
40991273382
40986194805
40991630222
40991694317
40990679039
40988238698
40985791894
40986457793
40982478036
40980510457
40981876600
40977803826
40978993227
40978728578
40980029762
40981676189
40980144327
40976003318
40980029769
40979984904
40983486608
40981989098
40982592024
40984995572
40985141340
40984259541
40987886607
40988404237
40988642640
40988681544
40988973332
40989047398
40979259301
40980567234
40981938588
40982072173
40982275104
40982303236
40980220887
40982359550
40982391005
40982545082
40982614198
40982733062
40983257168
40983268947
40979046886
40983318928
40983354727
40983360164
40983509736
40983664087
40983703270
40983829463
40983958232
40984090354
40984206588
40984375078
40984866185
40984971028
40984970750
40985564831
40985680775
40985746437
40986095301
40986110585
40986312145
40977351931
40986826768
40983297484
40984537599
40987247719
40987465582
40988556514
40988580381
40988681004
40988720003
40988865734
40988945340
40989077621
40982936685
40989240820
40989279581
40989712055
40989831628
40987149626
40990308713
40990455351
40990499939
40991550672
40986494957
40978667427
40979000255
40981155297
40976827745
40980814254
40981336198
40979438412
40981839011
40974690914
40981304146
40980671670
40980694941
40981428576
40980568844
40980140992
40980328837
40980665648
40983792388
40985515059
40940748383
40987540109
40980443745
40980665162
40982000006
40981539249
40984394001
40985302613
40983269498
40987397712
40987490695
40986808077
40987240666
40987978173
40988357432
40988416065
40988895603
40984046313
40984266728
40982584350
40983472335
40983968254
40984641881
40987979430
40982683294
40988625519
40987305505
40963609668
40977510588
40988582738
40978873314
40970857259
40970857724
40979005280
40979868101
40988315268
40988931588
40981906344
40981953850
40979610561
40982052775
40982056336
40982472167
40982565361
40982571230
40982575714
40982596145
40982675876
40982754184
40982766570
40982837661
40982993907
40983005717
40983020098
40983160691
40983161142
40983409325
40983462272
40983464846
40983591286
40983748435
40983765382
40983997714
40984055403
40984426478
40984436421
40984787725
40985078689
40985251493
40985367984
40985362176
40985408806
40985590372
40985657594
40985826474
40985903527
40985999223
40986125616
40986298744
40986490584
40983161411
40983161406
40986651269
40986653404
40986653402
40986822487
40978963522
40986993817
40983528749
40987048885
40987079995
40987145625
40987397710
40987549781
40987587314
40987696480
40986486246
40987764186
40987764183
40987775428
40987877614
40987877164
40987875894
40988141516
40988124628
40988406649
40988406558
40988668783
40988748814
40989031502
40988914886
40988952228
40989349561
40989807125
40989917697
40990340574
40991484881
40977030617
40976322429
40978614634
40980227682
40982048135
40980930882
40979809306
40981907456
40973967640
40980869156
40980159777
40978336625
40980161398
40982320274
40984127493
40986985461
40978325668
40981389410
40982531248
40982399885
40982609423
40986418886
40981681910
40987674599
40986468936
40982857789
40985670451
40987304073
40981310228
40986164548
40986464734
40968456404
40971391976
40972526747
40979808996
40980283665
40978663601
40981726554
40981739821
40981993244
40982048399
40982059241
40981704382
40982377891
40982401614
40982816373
40982858615
40974503385
40981131382
40983551627
40983697407
40983801488
40983815820
40983872891
40984231046
40984332359
40984624696
40949314183
40984706446
40984989853
40984996600
40985120952
40985427798
40985684696
40985708195
40985891815
40986131610
40986173446
40986205211
40986216872
40980403309
40986803827
40986845441
40986998771
40986204373
40987321229
40987327980
40987355827
40987412770
40987518716
40987769961
40988514069
40988658633
40986733385
40989243924
40985712549
40986733992
40989276792
40983316051
40989324037
40989466693
40989375851
40989569100
40989626010
40988687687
40989728850
40989664366
40989999539
40990065553
40990065530
40990103018
40989459261
40991596337
40987986439
40986021334
40986251078
40986327035
40986447430
40986736585
40987016022
40989838683
40990254509
40974421570
40976428804
40980411180
40981843706
40982893349
40976906482
40976242887
40978642461
40978642463
40980471044
40979998573
40980103178
40980309310
40980397747
40980919323
40981137777
40981584062
40981807279
40979783408
40980613871
40979809437
40981342097
40978246008
40979500138
40979580532
40980733426
40981318056
40981362674
40979877898
40980701942
40981723506
40981953947
40979783041
40980228868
40981838086
40980540041
40980847324
40981717632
40979449963
40979705837
40981765971
40968786344
40979715026
40980228969
40980701666
40979743462
40979942115
40980228865
40980228860
40944090310
40980675807
40981138051
40982833187
40982883031
40983132039
40983913808
40984436800
40978856658
40980017297
40980614079
40981448153
40981348910
40980859217
40981583947
40982435158
40982123475
40983369348
40983994399
40981758470
40981138053
40986396370
40986761361
40986885181
40987302460
40986784808
40987390143
40987421439
40987746756
40986979446
40986072274
40987368812
40987524716
40989156117
40986111975
40987565173
40981857190
40983565760
40984685662
40985536125
40985990286
40983134330
40984323856
40986309841
40986908889
40984324604
40985171799
40988009054
40988227596
40988687401
40988694656
40963201238
40966481281
40972142693
40973647639
40977195877
40969504998
40973590805
40957975845
40957982425
40979441563
40976966951
40980210165
40979783420
40989324267
40989405313
40980228871
40980503782
40980562543
40988119476
40980681723
40980722539
40980745576
40989126448
40980842511
40975697989
40989324266
40981329593
40989822001
40981363056
40981364114
40988805859
40981536119
40989746080
40981759580
40981857660
40981899542
40990262873
40982013701
40988449977
40982128652
40982177382
40982181416
40960524136
40982235636
40982252243
40982281637
40982301859
40982287443
40982409238
40980837659
40982455351
40982514896
40973977510
40982802688
40982808758
40982832231
40982826918
40982873851
40982920656
40982921033
40982976105
40981688052
40983273392
40979609869
40980550306
40983371046
40983419145
40983424936
40983438470
40983449571
40983484444
40983490417
40983491635
40983525909
40936471861
40983562090
40983570847
40983577092
40983635909
40983669797
40983669795
40983685175
40983721913
40983806253
40983857756
40983903606
40983911840
40983909980
40983953234
40983995046
40984023813
40984023275
40984101812
40984182035
40984201879
40977482035
40984219373
40979746466
40984245634
40984248134
40984256217
40984281220
40984303954
40984303675
40984303952
40984323853
40984348798
40984392439
40984437717
40984437704
40984437523
40984436798
40984436956
40984551249
40984581749
40984787003
40984799640
40984845045
40984954280
40984963195
40984964839
40984970846
40984978841
40984978840
40984982849
40984983506
40985007283
40985010827
40985013638
40985122263
40985131400
40985235698
40985236137
40981652891
40985247515
40985258209
40985261463
40985257595
40985306101
40985308263
40985333392
40985345031
40985411909
40985411478
40985438043
40985452594
40985502237
40985536110
40985536119
40985535867
40985587866
40985615541
40985689766
40985722507
40985735546
40985771330
40985861427
40985941384
40985996925
40986001646
40986020887
40986037255
40986042224
40986105090
40986105735
40986105731
40986127363
40986142869
40986205199
40986208150
40986204126
40986291900
40986308616
40986307786
40983260982
40986343183
40986394653
40986427382
40986458990
40986471504
40986511641
40986567494
40986723423
40976125950
40986751269
40986766488
40986779703
40986796384
40981824987
40986827385
40986827251
40986827102
40986829330
40986855782
40986868302
40986885671
40986885670
40986895787
40986910854
40986911036
40986910853
40986919789
40986775627
40986775815
40986998580
40986996909
40984462900
40983910902
40987015657
40987081188
40987081185
40987081186
40987090738
40987109010
40987121470
40987145777
40987171187
40987179946
40987192295
40987218650
40986833191
40987314870
40987335898
40987337664
40987397994
40987599531
40987600967
40987609315
40981167562
40987696359
40987726659
40987714330
40987817177
40985648330
40987824852
40987843883
40968785766
40987916425
40987939868
40988031341
40988035495
40988039618
40988114280
40988114420
40988114283
40988123804
40988214438
40988292986
40988355197
40988366922
40988371860
40988374070
40988457903
40988459833
40988496185
40988507429
40988508713
40988512048
40988545537
40988625352
40988661820
40988771128
40988956143
40989025449
40989038513
40989111172
40989161859
40980181780
40982043267
40984758286
40988654930
40982631981
40984079274
40982111580
40987870672
40988749722
40982621656
40988019121
40989278372
40989278374
40989323582
40989324180
40989324178
40989330920
40989348166
40989350255
40989356995
40989399007
40989409687
40989461030
40989498597
40989566242
40989579756
40989625686
40986946191
40989851412
40989799526
40989892896
40990054502
40990232825
40990249546
40990436757
40990771835
40990771375
40990878400
40990921325
40990993303
40991053024
40991053015
40991339002
40991371632
40991446793
40991574215
40989542201
40979826999
40982258703
40968367625
40976751836
40966415803
40979528940
40979687338
40980781710
40980378012
40980691047
40981264672
40982092606
40980715204
40976465503
40979576073
40977083366
40982939821
40987558057
40987675270
40987928498
40984303404
40986877383
40985377647
40984253159
40988305147
40987113723
40977287775
40967877284
40979270228
40979301680
40979394753
40979568066
40988944220
40981793833
40981925867
40982184312
40982439549
40982460690
40982461134
40982559573
40981295195
40982746390
40982914102
40982956163
40977836205
40983343176
40983344645
40983352272
40983658819
40983686198
40983686386
40983954424
40983980210
40984090700
40984090781
40984090784
40984241360
40984369977
40984455105
40984543147
40984672906
40984760511
40984983817
40985029370
40985146243
40985305085
40985469267
40985483748
40985483880
40985489249
40985489163
40985510005
40985933382
40984432567
40986102784
40986137031
40986239235
40986604543
40986751479
40986805277
40986887077
40984666684
40987066068
40987269381
40987283159
40987511538
40987558063
40987750216
40977671521
40988375540
40988483478
40988560996
40988561807
40988576533
40988647345
40988743696
40988873690
40988982273
40989130096
40985770985
40981747767
40986851115
40989401269
40989578191
40989869068
40990023741
40989971413
40972941968
40979355413
40981430678
40981431171
40982179470
40981430675
40978849081
40979907252
40982722734
40989160798
40977037852
40977909484
40981666420
40982035851
40982220323
40977300020
40982538841
40982722736
40982722638
40983934053
40984033955
40984143657
40985154737
40985205558
40985677190
40985760495
40986563309
40986875353
40987100696
40987398841
40987582452
40987928601
40987940288
40988201756
40988392407
40988391099
40988391596
40988487334
40986976289
40988079246
40989538893
40989590715
40989884750
40990588246
40986342582
40989724456
40978607478
40978613819
40981672793
40979930107
40980721707
40978936522
40987336848
40983925771
40986220814
40987660622
40989434511
40981914020
40983384061
40984014119
40984801600
40984904009
40985162932
40985579282
40985753262
40985816375
40986522915
40986715416
40986805487
40986806232
40986806229
40987555304
40974978318
40991488667
40976294428
40980498072
40981406927
40978281218
40976581882
40979110820
40980735041
40982059353
40979456260
40980131473
40977436345
40971356260
40983939059
40979877903
40986951461
40987764336
40985738805
40987988230
40982096224
40987932054
40989271991
40965650322
40974595835
40981170529
40981960462
40979852254
40977486215
40982552335
40982892403
40983304563
40983424296
40983424661
40980458814
40983939335
40983989741
40984138701
40984373073
40985150323
40985811242
40986845785
40982093526
40987333804
40987438953
40988237171
40988397479
40988449122
40988452472
40988455437
40988476887
40988905468
40989781941
40989981815
40990152927
40990440947
40990541373
40985675729
40986160867
40989968601
40989978544
40990340869
40990510716
40981233378
40967845990
40974931380
40971201071
40976151276
40974283955
40976888638
40976594950
40982167029
40983146746
40973685303
40969211162
40982814051
40978227418
40976156795
40977318641
40977757675
40978224349
40980411257
40980635270
40979957534
40980543680
40980754095
40981296542
40980569742
40980708617
40979124165
40978223488
40981029648
40981018133
40981488884
40972977689
40976922327
40979191643
40981889645
40980011987
40981151979
40980019502
40980028035
40981289904
40977270512
40980565507
40980810167
40967133304
40980174195
40981068353
40979596084
40980243033
40984688939
40982285011
40980306868
40980747445
40980966092
40978693570
40980239551
40981433309
40947704366
40982347019
40981771420
40984170798
40985248079
40986049809
40986111026
40987003115
40978958664
40987065973
40987242536
40986937865
40986967786
40987221194
40987262850
40987298967
40987532375
40986140972
40988202095
40988377167
40988427421
40988442028
40980778788
40989239684
40987510650
40983785822
40977596284
40943946285
40983622982
40989073787
40987094985
40987384179
40973554314
40987984940
40988050827
40988202092
40977089944
40978724879
40979142936
40979169839
40979218682
40979906925
40979935046
40979973391
40989689089
40989255909
40975126955
40980120806
40989456929
40980347426
40980412219
40988119911
40980849359
40980849361
40987896216
40981420769
40988297227
40981553734
40981703966
40981708400
40989449305
40981953224
40989255814
40982316402
40982335118
40982338891
40982366118
40982396132
40981812927
40982547032
40982625844
40982625558
40982635323
40982728436
40982739879
40982750480
40982797097
40982835187
40982978563
40983023456
40983075384
40983283868
40983363402
40983367629
40983432196
40983500956
40983568906
40983568256
40983665293
40983665290
40983678535
40982700038
40983726519
40983847990
40983860897
40983887397
40983968438
40983981663
40983990689
40984004922
40960535177
40984172567
40983025023
40984208948
40984207754
40982471646
40984379562
40984379276
40984416415
40984420166
40984633322
40984717016
40984819484
40984819933
40984827672
40983233288
40985057265
40985112268
40985109043
40985117802
40985168994
40985182677
40985236093
40985237498
40985259421
40985277511
40985327356
40985357957
40985366140
40985507019
40985587228
40985691987
40985829760
40985849484
40985873664
40985907636
40985987207
40986062286
40986095881
40986143942
40985517676
40986217954
40986241272
40986290141
40986393295
40986443855
40986489235
40978851873
40986704331
40986727867
40986730582
40986746406
40986848561
40979804122
40986854139
40986900031
40986948439
40986965173
40986974975
40987007089
40987007949
40987007000
40987007094
40984289833
40987045114
40987079355
40987172268
40987200974
40987240663
40985037004
40987283248
40987433367
40987436160
40987444473
40987459161
40987504363
40987519235
40973667041
40987581217
40987597245
40987614898
40987594439
40987688645
40987710584
40987725242
40987759867
40987797884
40987847236
40987868893
40987915753
40987974644
40988024998
40980355208
40988166394
40987770550
40988234929
40988364315
40988368310
40988427321
40988429014
40988446039
40988537628
40988547169
40988565428
40988633415
40988643065
40988660746
40988776218
40988863471
40988955905
40988959011
40989067922
40989219644
40978169774
40989241768
40985202876
40989244342
40987751496
40989255920
40989327199
40989704097
40988593199
40989478726
40986841139
40989491096
40989503169
40989545527
40989560155
40989689264
40989689086
40989696406
40989740855
40989790368
40989788508
40990018400
40990125710
40990118930
40989763954
40990225163
40990238293
40990325165
40990377043
40990438013
40990445225
40990911726
40990914776
40990991774
40991286050
40991303665
40991483301
40991487265
40991658391
40990256580
40974666907
40974751894
40975114604
40976745339
40977830434
40933743698
40979959845
40981638039
40980357261
40980235892
40980959815
40981205772
40981504997
40982211160
40981517796
40981162463
40979541244
40985571048
40986234321
40980357263
40979591222
40980794695
40981216030
40982727949
40982810685
40983162561
40983876646
40980680067
40982527850
40986983367
40987851063
40987296330
40982117564
40982810481
40985781450
40981643869
40985309784
40986238485
40987953151
40989154332
40987619855
40971644842
40987818904
40978918019
40988774163
40979173149
40989395121
40988216486
40981611701
40981986533
40982072085
40982356546
40982497169
40982594551
40982302977
40982639564
40982672094
40982981764
40983018783
40983061061
40983060674
40983220652
40981426441
40983337609
40983355643
40983376388
40983577830
40983666527
40983668963
40983673460
40983672699
40983685400
40983740364
40983767564
40983479167
40983806398
40983903645
40984241234
40984423582
40984426460
40984486166
40984832706
40984853888
40985000001
40985039728
40985069038
40985109449
40985110502
40985324390
40985359317
40985508674
40985538960
40985576942
40985739832
40985780487
40986016692
40986041519
40986088308
40986251040
40986389421
40983333276
40986885831
40986984814
40987036946
40987149200
40987357824
40987377372
40987471219
40987505490
40987529303
40987589216
40987620629
40987668983
40987806722
40988158895
40988252281
40988297448
40988297444
40988303853
40988488516
40988570995
40988607376
40989243295
40989242758
40989256809
40989256918
40972194070
40989650560
40989694974
40989698303
40989698796
40989710668
40989761191
40989790507
40989813918
40989880214
40990007445
40990047152
40990257043
40990309144
40990760008
40990573965
40985745049
40985790377
40985831899
40986058298
40986169207
40986255575
40986274459
40986324747
40986489324
40986757428
40986829436
40986937653
40987070060
40987277522
40984557097
40986400619
40985005931
40985269428
40986964460
40989592931
40989658729
40989960285
40990013709
40990026416
40990064876
40990149756
40990146648
40989646962
40990328601
40990330983
40990343518
40990352102
40990470969
40949287178
40971387254
40972796913
40973981078
40974748979
40975159753
40975321805
40975421407
40975549955
40975774536
40973341271
40965966221
40968915715
40966297119
40976175294
40976328175
40976909643
40977011335
40978020945
40979476713
40979792066
40980480621
40959951490
40974781227
40973834880
40975736114
40975746633
40981269782
40976158939
40977063122
40977827833
40965420618
40966077597
40969803544
40977168073
40977592714
40978514145
40976124718
40976348501
40978743340
40977058610
40977228435
40979785942
40977304691
40980752123
40980790253
40981063407
40981387860
40977773500
40981793841
40975988772
40977839142
40976928507
40979551520
40979768395
40980463940
40980535505
40980627725
40980725664
40979222358
40981694001
40980356142
40980006765
40980922218
40981672909
40979916565
40980671604
40979954253
40981211068
40979635980
40977432376
40980593229
40967153337
40981236544
40981296653
40981534994
40981626670
40981858165
40981953875
40979329594
40980188468
40980430637
40982209456
40980011113
40980616687
40980887006
40982106136
40980097978
40980337131
40981046585
40974398044
40978135926
40981539523
40981577608
40981948673
40982021503
40978122330
40980258539
40980493296
40981083378
40946279613
40976474010
40978744944
40979474468
40979625320
40980850362
40978352692
40986295119
40980744671
40980814724
40981748900
40982105875
40983419859
40985458333
40981560774
40963376994
40982187731
40971041503
40979212997
40980321817
40980593601
40981085233
40981577226
40981885673
40978929104
40981357047
40980546930
40980556839
40981606729
40980002437
40980691628
40981733102
40982287225
40983359448
40977697262
40982889338
40982903983
40981346747
40983379832
40982287544
40981474225
40982112642
40982811412
40982859760
40983061088
40977163995
40985034180
40985059012
40986874410
40981059836
40982910138
40983280977
40980707696
40982208815
40982891002
40975035601
40983287777
40985594598
40985681642
40985731886
40985772351
40986027729
40986329670
40986505384
40986523725
40986935206
40985215078
40987176205
40987473155
40987481094
40987498319
40987541416
40986491021
40986793542
40987002463
40987139330
40987423025
40987480130
40987778597
40987841788
40986954145
40985887505
40987106542
40987329995
40974952570
40987623093
40987716977
40986853322
40987284529
40988039893
40988206737
40989070084
40989244836
40989261418
40989293040
40986260811
40986573356
40987533100
40987537113
40983662074
40986470297
40982398736
40982437659
40982562372
40982888895
40983506187
40983061090
40984950835
40986059402
40986796338
40986806354
40987198740
40987331870
40987684850
40983723545
40985198204
40985357508
40986346765
40986773581
40986834441
40979197978
40981362418
40982255741
40982546008
40982636492
40980350640
40984072094
40986096369
40987458700
40987614390
40988047912
40988445157
40988456697
40988485676
40988496281
40988491657
40988843873
40988905373
40989023477
40989216737
40989247787
40989249965
40989255443
40989261514
40989267643
40987246170
40987387813
40963230754
40964164439
40966737094
40969108763
40987812796
40971587043
40971719441
40972519500
40972581151
40973630114
40973649336
40969760973
40975432735
40988039592
40975835522
40965118378
40967215512
40974778750
40988277866
40977083820
40975789589
40978613236
40978618654
40975894798
40988610723
40979253166
40979324980
40979723440
40986950530
40979817216
40989592928
40989624648
40979907836
40979942685
40989243414
40983736599
40989263872
40977625449
40980285662
40989513861
40989569829
40989574659
40989583566
40980408607
40987973595
40980183840
40980647894
40988609731
40980723773
40989248016
40980992476
40978852811
40980522926
40981101343
40989514607
40980285667
40981252089
40987948621
40989747870
40981370853
40988230821
40981442851
40974641373
40988704959
40981467937
40988723469
40981509255
40981517209
40981516197
40981517205
40989411371
40979799384
40989592380
40981684167
40981715631
40989927841
40989943259
40981856876
40981872526
40981886763
40981907578
40981928746
40981925223
40981953855
40981953359
40981977967
40977020225
40982112639
40982118010
40980339902
40982126211
40989275318
40982058359
40982216814
40980717727
40989497643
40982259821
40982288261
40988457579
40982311894
40982324643
40982327579
40982346905
40982375255
40982398022
40982399525
40982418125
40977008431
40980862346
40982023996
40982488818
40982490791
40982505602
40982509524
40982549548
40982562376
40982566128
40982605303
40980149334
40982636678
40982695493
40982453388
40982092596
40982736991
40982742170
40982763151
40982796216
40982843534
40982852324
40982864273
40982888892
40982897774
40982910135
40982915774
40982916885
40982928614
40982957034
40983015894
40983011265
40983020847
40983048537
40983141132
40983153592
40983177913
40983184488
40983194782
40957612611
40983248948
40983248878
40983249318
40983249320
40983248945
40983249319
40983249321
40983249317
40980141485
40981312817
40980336967
40981591101
40983280976
40981310370
40983282861
40983282550
40983282558
40982844151
40983290295
40983318661
40983330872
40983336176
40983411442
40983412789
40983460052
40983460782
40983465726
40990533924
40988009889
40983517647
40983524080
40983524344
40983527515
40983542675
40983551072
40983552375
40983564848
40983587853
40983637505
40983654398
40983666524
40983666613
40983666615
40983664740
40983682529
40983706520
40983711526
40983721438
40983751549
40983753808
40983767547
40983813841
40969563907
40983866922
40983891488
40983905053
40983912754
40983917192
40983957317
40983979780
40983979968
40983979773
40983989809
40984016778
40982143873
40984025735
40984032733
40984046420
40984050474
40984051529
40984052413
40984075071
40984075437
40984077533
40984089436
40984147790
40984159427
40984195784
40984209093
40984216958
40984228557
40984232830
40984258024
40984275265
40984292401
40984298120
40984335626
40984348038
40984390437
40984440438
40984439887
40984485927
40984513357
40984548438
40984566159
40984584431
40984592623
40984590884
40984600743
40984607032
40984629112
40982907316
40984640038
40982967007
40982982622
40984710874
40984716603
40984727929
40984727375
40984727556
40984728769
40984729937
40984734242
40984752676
40984853029
40984857245
40983307931
40984957191
40985008073
40985015523
40985020681
40985026184
40985029357
40985033512
40985041929
40985045946
40985063751
40985145966
40985145787
40981539520
40985184619
40985217261
40985245814
40985240949
40985276267
40985303527
40985330951
40985352306
40985407860
40985427738
40985437236
40985443512
40985472021
40985483312
40985493560
40985500030
40985501430
40985516065
40983223012
40985493765
40985583371
40985587953
40985592571
40985599442
40985631691
40985632233
40985632230
40985632237
40985655014
40985664366
40985686060
40980668652
40977349835
40985734049
40985744155
40985764979
40985814210
40985852117
40985859023
40985867537
40984320709
40985955388
40985956437
40985981797
40986004068
40986010322
40986018172
40986018551
40986018751
40986026911
40986034315
40986038113
40986043180
40986044115
40986046252
40986053542
40986074331
40986089157
40986088942
40986203887
40986229640
40986241372
40986249523
40986251943
40986251379
40986284676
40986291943
40986373362
40986383734
40986389774
40986447911
40986480345
40986482905
40986485590
40986482377
40986516486
40986544303
40986547925
40986552820
40986728578
40986748105
40986756816
40986776058
40986786432
40986788808
40986793553
40986805082
40986824139
40986824672
40986823693
40986853331
40986853328
40986875207
40986886985
40986885987
40983464584
40986896051
40986900407
40986906593
40983746706
40986926224
40986928989
40986936591
40986937749
40986939847
40986945356
40986945112
40986961308
40986964075
40986964488
40986977049
40986977567
40983743614
40987002034
40985558183
40985083104
40985554845
40986702970
40987040086
40987049555
40987096042
40987096518
40987096043
40987098086
40987106353
40987108969
40987103298
40987118284
40987119892
40985982514
40987119623
40987133287
40987135521
40987139136
40987139687
40987139133
40987145526
40987132602
40987163974
40987168692
40987183131
40987187236
40987217182
40987213411
40987232834
40987246246
40987260972
40987267091
40987282934
40987281117
40987282846
40987282932
40987293890
40987309665
40987333150
40987330281
40987336028
40987333885
40987342248
40987347417
40987372575
40987067716
40985797499
40987391881
40987405141
40984734244
40987418328
40987421365
40987423568
40987430178
40987434378
40987443842
40987461018
40987458113
40987465785
40987465455
40986888869
40987550833
40987592410
40987583591
40987640049
40987642939
40987659471
40987663072
40987677673
40987675616
40987688889
40987299663
40987725060
40987790646
40987790648
40987790373
40987790651
40987798309
40987798223
40987836071
40987842699
40987909035
40987926495
40987977326
40987994575
40988034983
40988047907
40988090044
40988094693
40988098056
40988112618
40988116723
40988133236
40988156255
40988167794
40988181893
40988206615
40988219643
40988330464
40988352884
40988424762
40988430924
40988438663
40988456944
40988485912
40988499365
40988583508
40988637621
40988642607
40988694149
40988731321
40988753258
40988753629
40988783906
40988795837
40988913529
40988824125
40988854522
40988865406
40988656355
40988905886
40988913707
40988930272
40988970686
40988973439
40989038321
40989064981
40989208688
40989217045
40976540158
40976351103
40979332234
40979333320
40983363318
40983789667
40981480468
40989242646
40989242742
40985839519
40989242580
40989242575
40989242639
40987856770
40987154719
40989247987
40989247799
40989248009
40989247846
40989249507
40987374851
40983375730
40987628376
40987149395
40988123456
40985141173
40985496570
40986964751
40987816949
40987614969
40987867879
40984441153
40989276051
40987133644
40989300055
40989317733
40989322389
40989323091
40988334586
40989369755
40989374090
40989393284
40989388641
40989397058
40989396599
40989425729
40989469906
40989485676
40989503088
40985739376
40989592571
40989592579
40989624646
40989638212
40989650527
40989671642
40989700829
40989708447
40987529645
40989872335
40989724737
40989748911
40989843491
40989844748
40989855498
40989898736
40989955462
40989961582
40989962136
40990043398
40989991474
40990014116
40990013109
40990033252
40964906756
40989582032
40990104916
40990139382
40990141455
40990152553
40990198154
40990216576
40990459902
40990327477
40990329092
40990332729
40990366432
40990362493
40990410498
40990441337
40990454073
40988590095
40990546606
40990620948
40990731117
40990840626
40990906138
40990651132
40991036206
40991184401
40991271851
40991317330
40991434590
40991524658
40991579525
40991614183
40991640034
40991848934
40991101040
40991862427
40992062869
40992062845
40992070839
40992099816
40986936631
40989917006
40990194732
40974195181
40974278475
40980347836
40981308539
40977868892
40980622203
40978019297
40972435109
40980348107
40987626140
40988661811
40984831402
40983970613
40987092023
40982723501
40982743226
40983963610
40983982863
40971666840
40984213434
40984260873
40984792898
40984831408
40984831123
40984831407
40985433452
40987214673
40987921030
40988096548
40983352852
40989920468
40991198115
40985985088
40986809181
40990290645
40990475114
40974794761
40977220026
40981643064
40980439539
40981585815
40954846671
40981645168
40968283893
40979641521
40981645353
40987575192
40984263603
40987148908
40987098901
40983982756
40985642885
40989112747
40966492300
40974794767
40979473408
40979811614
40988074820
40988578926
40981645165
40981645276
40982352269
40982455822
40982551415
40982845211
40983363109
40983611209
40981646747
40983767847
40983974480
40983985712
40984102310
40984130297
40984437409
40984495005
40984756171
40984760031
40985604738
40985664842
40985772962
40985900374
40986118767
40986291431
40986291041
40986532961
40986997991
40986999032
40987147985
40987148259
40958444584
40987651867
40987652149
40987775969
40987880630
40988183554
40988679226
40985584835
40986115598
40988082137
40989398023
40989465648
40989532343
40989628356
40989659591
40989660603
40989660055
40989660049
40989450740
40989977398
40990475015
40990474787
40992241708
40985724840
40986971778
40975165380
40980011301
40980118714
40987854717
40980118627
40981767090
40979258249
40983579068
40985123720
40985566790
40985945120
40986062162
40986374176
40986879917
40983525060
40988379011
40988982626
40985915553
40990290970
40974491548
40971349788
40980787825
40979257428
40980377108
40979897732
40979897817
40979823521
40971967381
40981677721
40979826465
40982787724
40982710152
40988749830
40987433201
40989318403
40982795502
40983020941
40983542102
40983984819
40984009434
40984042634
40984578421
40985035216
40985305428
40985305422
40985305226
40985305219
40985305423
40985305603
40985305414
40985453815
40985615892
40985661584
40986083920
40986968590
40986990693
40986750129
40986835690
40987927401
40987938593
40987965942
40988268913
40989247951
40989247840
40989247784
40988406177
40990187019
40986279512
40987045858
40976696469
40979096904
40962690005
40976958591
40980823854
40981519759
40980768304
40985987318
40986279610
40985536957
40983951231
40982124740
40984393823
40985474031
40985474121
40979511480
40979603156
40988129598
40985096698
40973720399
40981940023
40980986199
40982708466
40982708555
40982743040
40983050395
40983050285
40980246325
40983056262
40983569864
40983751472
40983648633
40984699168
40985414546
40985436406
40985926507
40986641419
40986840718
40987076292
40983979203
40988082694
40988311160
40988812634
40989048706
40983370917
40983645490
40983412623
40989610243
40989610804
40990299595
40978814612
40979843340
40978813868
40980580247
40985469137
40981374185
40977292325
40989329697
40982058908
40981581142
40981428087
40984182450
40985144869
40985590866
40987343265
40987343572
40986728048
40990868308
40974491409
40970738673
40978323725
40980389302
40981719299
40981354335
40984616396
40986185736
40985592365
40988419079
40988774833
40969112399
40974373098
40976350536
40981481665
40982251425
40982265255
40981619610
40983991490
40981298294
40985087552
40985371890
40985615775
40985615779
40985690942
40985853000
40985940261
40986737154
40984327125
40986942029
40986941842
40987285312
40982157213
40988475509
40988706096
40988760873
40985196602
40990008813
40990214117
40990810072
40989494068
40982970757
40987297870
40987432264
40984740642
40966588439
40973732687
40988407615
40988411091
40982940854
40982940853
40983507082
40984019167
40984073951
40984510409
40956360987
40985663563
40986756356
40986758068
40986817151
40985281974
40987019993
40987019989
40987058199
40988365910
40988628608
40985971058
40988959010
40989517698
40989990275
40976505457
40979133187
40987617106
40967956163
40983599382
40985129709
40985173127
40985463277
40985645419
40983419918
40987030371
40988331252
40984723993
40987998034
40990139339
40991612790
40979795321
40980737677
40980557975
40976357899
40979550645
40985993277
40950778096
40988347598
40988366574
40989932082
40981906713
40982651462
40983000731
40983121393
40983265154
40983265156
40983812810
40983822672
40984416501
40985293385
40985298049
40985532762
40985985660
40986004472
40986037340
40986750820
40987133432
40988767405
40987326442
40989484195
40956900948
40989839171
40990718469
40991010171
40986173765
40990076141
40990129099
40963991055
40974017316
40980948614
40983053944
40983283464
40977154602
40977933628
40976772413
40977125403
40978877780
40980267549
40981296374
40980086344
40981270124
40976337225
40944970320
40958114407
40979997816
40978853105
40982301313
40981741979
40981805851
40979366784
40981865012
40979509916
40980600452
40981393553
40979767154
40979659320
40981074797
40982574647
40985465834
40987018512
40980504281
40985483341
40989278239
40987633215
40987887539
40982574558
40982566188
40980096505
40982187343
40982574569
40983428943
40988282869
40986977646
40989257442
40980132509
40980489403
40980561806
40980898062
40989243530
40989257451
40981155152
40989532827
40989593972
40981875986
40981905246
40982151013
40982314091
40982329676
40982385807
40982491844
40982713784
40982713788
40982716756
40982932923
40982963487
40982966082
40983013864
40983020873
40983036796
40983060557
40983144361
40983144359
40978335510
40978316933
40979856839
40979804849
40990305455
40980399145
40982394744
40981099050
40983283473
40983283524
40983283535
40983329724
40990452842
40983352492
40983359294
40983369420
40983391885
40983405717
40983428653
40983448040
40983459504
40983459503
40983458766
40983459501
40983467547
40971266572
40983546763
40983631275
40983655390
40983725304
40983746728
40983024736
40983818089
40983838258
40984009095
40984158917
40984261607
40984274883
40984351392
40982574642
40984536937
40984544376
40984999634
40985028617
40985067905
40985114665
40985161788
40985242464
40985242853
40985335520
40985358754
40985365599
40985477116
40985482044
40985489195
40985510637
40985519713
40985552612
40983227827
40985684600
40985768296
40985950422
40986169014
40986218848
40986420555
40986901095
40986921423
40986982788
40986982784
40986992199
40982390697
40987383289
40987623754
40987792532
40988134507
40988168941
40988253130
40988274027
40988296343
40988295728
40988305231
40988570216
40988593865
40988622552
40988704920
40988769890
40988797355
40988848738
40988876178
40988895955
40988963707
40989102224
40989114440
40976503803
40981308668
40977721791
40989243604
40987051391
40989257460
40989321379
40989377439
40989389406
40989504241
40989536487
40989799619
40989933139
40989907277
40985187472
40990071239
40990273170
40990179465
40990179460
40988265571
40990397274
40990373514
40985195592
40990648126
40990282307
40990905423
40990963787
40991132898
40991267542
40992039467
40992122952
40978181590
40980468632
40981118629
40981750179
40981764086
40987381825
40987219805
40988107814
40988364279
40987980281
40988576520
40989279757
40980511032
40989272854
40970908254
40990306814
40982036650
40982212113
40982305387
40982613654
40990190248
40973855473
40983285546
40983703771
40983764323
40983780899
40983906982
40984296242
40984296604
40984295798
40984295870
40984295797
40984304620
40984347155
40984354299
40984471633
40984533221
40984533219
40984664510
40984664050
40939694855
40985283125
40985937029
40986118336
40986530395
40987014384
40984976142
40987046399
40987046790
40987484005
40987970476
40987994645
40988002088
40988173604
40988198803
40988527206
40988910514
40984998079
40979785327
40987755306
40985022412
40984998910
40989272953
40988790676
40989766900
40989886073
40989996385
40989996839
40990307008
40990031279
40991578641
40974022745
40976252518
40978714192
40980025443
40976543427
40981766356
40982011020
40980924281
40979698424
40979955994
40981932543
40982596000
40983023812
40980516458
40984422201
40987293771
40987241702
40987268811
40982259285
40985790045
40986756309
40970728954
40972293034
40971913884
40971944646
40989511367
40987946059
40988136854
40980672077
40981300016
40989768814
40981392097
40958341897
40981878560
40990092579
40965599600
40982383500
40963395160
40982437034
40982591042
40982697858
40982779612
40982855832
40982875110
40982947422
40982961955
40990259059
40983012539
40983334216
40983363851
40983417546
40983426432
40983488963
40982777352
40983581617
40983597765
40983817659
40984160511
40984186388
40984271145
40972212536
40984419734
40984419740
40984419183
40984419550
40984623630
40984767173
40984767172
40984767721
40985009550
40985051223
40985081039
40985117941
40985165259
40985251738
40985322944
40985406234
40985505312
40985517210
40985638634
40985723021
40985800301
40982855617
40986226499
40986285478
40986285475
40983701663
40986468159
40986483796
40986780466
40987162824
40987177688
40987341104
40987365137
40987496704
40987557930
40987676800
40987681381
40987729887
40987733713
40987789932
40982932487
40987100183
40988129091
40988129088
40988738243
40988824778
40988826066
40988833853
40988758333
40989068965
40989281328
40989410593
40989411216
40989511369
40989515677
40989593119
40989668225
40989744609
40989826913
40989978003
40990058247
40990080819
40990092947
40990092585
40990092936
40990092571
40990210476
40990259055
40990363289
40990390324
40990633217
40991080708
40991853094
40986215600
40974212605
40974321911
40974450069
40976035278
40978188208
40976857475
40976858103
40977955821
40978289518
40977221045
40982054653
40981473066
40981371090
40980207659
40979184599
40981441391
40979429652
40982301764
40985080903
40985079600
40986953100
40987129026
40989163100
40987677471
40981290305
40985676578
40986342016
40984569686
40986794336
40981944841
40985080538
40984382129
40986160492
40985676393
40985676576
40986087169
40986969280
40988971615
40987998623
40988019333
40976158949
40989098079
40980050519
40980151136
40988592429
40989682819
40981345758
40981742613
40989414535
40982302033
40982301753
40982302030
40982302028
40982302301
40982301755
40979929565
40982479977
40982662119
40982841465
40982934514
40947194177
40980690237
40983274990
40979934638
40981512493
40983364769
40983374593
40973638019
40983698455
40983770190
40981896715
40983831375
40983854575
40983883788
40983884470
40983912201
40984077668
40984088686
40984458153
40978044376
40984609307
40984668348
40985080160
40985080533
40985676573
40985676484
40985915901
40986215870
40986297166
40986304562
40986169567
40986906569
40987189814
40982195616
40987903121
40988429226
40988632543
40988785195
40988945629
40988949033
40988959373
40988999705
40985576883
40986763189
40985403974
40985475772
40989265040
40989393816
40989435000
40989444241
40989461088
40988386074
40989682812
40989682816
40989845053
40989867403
40989883119
40989902189
40989905679
40990067812
40991365268
40992026610
40986313363
40986554829
40986632586
40986682604
40986617886
40987047612
40989737347
40990134837
40990518614
40970780983
40972721225
40976624970
40971441779
40982013980
40976142903
40977328947
40978033352
40977437177
40978464086
40980882800
40980397419
40980121351
40970189156
40980153209
40980156428
40980630970
40981607329
40977219551
40981916616
40981922799
40981209778
40978602581
40980416489
40974468887
40979044029
40980603802
40978276375
40981059657
40981549968
40969285538
40980765239
40983410709
40981359600
40965214942
40982823552
40983293863
40983336675
40976893110
40983078282
40983429156
40986156220
40987049733
40987305347
40987477207
40985671729
40987021355
40985116152
40983135147
40985490088
40988355757
40982539086
40985533956
40982224022
40984060480
40984511757
40985686321
40987587491
40983149819
40983360797
40983399082
40985687688
40982183211
40988219642
40988531038
40989279237
40987521249
40969003944
40969023005
40970356958
40972243808
40987506311
40988077465
40978472486
40978475843
40979246411
40989033188
40979680676
40979335161
40980117466
40980237954
40989463275
40979671052
40980294439
40988951205
40980826022
40989271055
40981236957
40990039280
40981373710
40981539951
40981616156
40981954794
40981839079
40981260659
40982084285
40978171340
40982487433
40982539082
40982638655
40982722820
40982774359
40982920593
40982937968
40982951445
40982954573
40982968923
40983136678
40981083896
40976484143
40979667822
40979931695
40979235487
40981653636
40979780688
40981263535
40981638089
40983356477
40983390920
40983399455
40983447219
40983452332
40965670589
40983630534
40983783027
40983872895
40981982767
40983921014
40983944766
40983968617
40983984736
40984065112
40984063935
40984066265
40984084165
40984347889
40984487583
40984538291
40984539645
40984545007
40984567237
40984593271
40984593696
40984675456
40949283643
40984714639
40984831085
40984839807
40984981157
40985017160
40985152077
40985157252
40981539578
40985310683
40985362574
40985399231
40985399147
40985404273
40985501168
40985508948
40985510040
40985540363
40985625270
40985625268
40985624427
40985686120
40985759716
40985937858
40986063178
40986231459
40986272710
40986376638
40986437340
40986639002
40986793863
40986883212
40986880062
40986913800
40986918460
40986943785
40986949625
40986971640
40984419833
40987019072
40985709772
40987050511
40987095366
40987209557
40987267777
40987434586
40987453299
40987456541
40987521205
40987534628
40987559096
40987612231
40987667708
40987992370
40985229821
40988077459
40988197575
40988279241
40988286862
40988347334
40988464327
40988475328
40988538823
40988638684
40988774297
40988828919
40988845581
40988871100
40989116949
40989223170
40989226696
40982942342
40989241290
40987001641
40986303676
40987630120
40989302575
40989319625
40989342450
40989392411
40989463361
40989470560
40989592608
40989478074
40989811676
40989832200
40989842482
40989717525
40977020449
40989970235
40990020586
40990070023
40990127738
40990166140
40990285089
40990485470
40990663823
40990835599
40991967313
40992214786
40988014756
40990190028
40975131677
40977034283
40971973577
40980196515
40980446495
40979691390
40981601760
40981227664
40979978605
40981636275
40977932580
40981233040
40972075568
40981974290
40982312813
40981592011
40983753835
40977726311
40982154872
40982877839
40986156613
40986238677
40988230912
40987457341
40987800089
40987944272
40984253978
40986471593
40976085361
40978745186
40987569186
40987432158
40978709348
40980591528
40988519524
40981523449
40981812048
40982234728
40982279910
40981311887
40982411790
40982604212
40982690840
40982695962
40982751624
40982751627
40982877934
40982894043
40982989258
40983102762
40981358985
40983322662
40983330920
40983338046
40983565259
40983647119
40983958327
40983978761
40984740285
40984740283
40985004540
40985059473
40985366211
40985449413
40985505403
40985585168
40982168325
40985882283
40985904177
40986224138
40986379056
40986506407
40986883967
40986993309
40986782955
40987285235
40985968508
40987432155
40987688386
40987844063
40987879988
40987888084
40987943887
40987944080
40987944265
40987943883
40988035021
40988064397
40988134322
40988166648
40988292726
40988300301
40988449521
40988453994
40988489836
40988722375
40988729719
40988739105
40988784166
40978812223
40986750180
40989258161
40989258254
40989258186
40989258245
40989258264
40984108157
40989438370
40989840829
40989890165
40989900530
40989890825
40989915723
40985812966
40988355082
40990077691
40990193849
40983059195
40976420947
40981684620
40981698337
40981484497
40987593067
40987749999
40988346409
40989603862
40987806424
40987896725
40988555969
40969338365
40988850253
40989679371
40981463080
40981463832
40981463834
40986855055
40979994571
40982219057
40989989311
40982428029
40982503761
40982031920
40983068059
40983431794
40984171283
40984714681
40984978371
40976647797
40985354177
40985354705
40985354802
40985414280
40985433951
40986333533
40986724135
40986759643
40985437290
40987596291
40987798062
40987800509
40987800121
40987890741
40986931249
40988458415
40989261776
40989268518
40989268515
40989609327
40989816499