40932410017
40939768584
40944495938
40938212769
40943629100
40938234372
40940767416
40943881002
40944051458
40943353201
40945977271
40946460612
40946794357
40947157186
40940276192
40947960220
40947741832
40949071024
40943564705
40945868900
40946404340
40946969626
40946729615
40947612910
40948391813
40948406250
40948509669
40950225720
40950767004
40951222824
40951222822
40951386153
40951515012
40951516448
40951555247
40951640238
40951027060
40947622872
40954120908
40953696500
40954284809
40957085954
40951718981
40951811013
40951991300
40954663054
40954926643
40954650206
40952098738
40956650063
40956948241
40956976611
40957339970
40957404888
40957655223
40958358536
40945460500
40947878306
40948194887
40948312440
40948729783
40948196207
40915915650
40948885126
40948386610
40948923152
40949129004
40949306500
40949574386
40949581674
40948231574
40949586851
40949586848
40949666142
40949802954
40949875813
40949875811
40949908293
40949958802
40950006722
40950112977
40950350906
40950356458
40950409544
40950662467
40950673815
40950739607
40950787521
40950886369
40950956101
40951098351
40951222568
40951402000
40951511582
40951674568
40951757033
40951870425
40951886855
40952233032
40952320374
40952659478
40952825697
40952059612
40953154991
40953429051
40953599204
40953755771
40951831491
40954098656
40954192479
40954376295
40954430893
40954500033
40954581587
40954606415
40954827395
40954848975
40955357145
40955488200
40955568664
40955579654
40955817110
40955850631
40956056364
40956056360
40956266628
40956267509
40951013672
40956266620
40955128034
40954094567
40956013631
40956460394
40956536934
40956536442
40949787589
40956720666
40956900918
40956955947
40956998193
40956993671
40957339969
40957374409
40957521976
40957934939
40957944160
40957966999
40957985252
40958040516
40958190371
40958419033
40958433188
40958526654
40958850763
40949798959
40959053789
40959161714
40959323877
40959324907
40959442670
40959446322
40959515591
40959535107
40959635545
40959725427
40959738008
40959763485
40959816647
40959871409
40960148091
40960183825
40960206253
40960690469
40960962816
40961332290
40961421568
40962975781
40947537531
40948685561
40949198526
40949718768
40949738199
40950209479
40950263331
40949337383
40950415888
40952159971
40953059100
40953598183
40953744826
40954211786
40956027131
40956031908
40956056741
40952255539
40956406854
40955165470
40956525156
40956602988
40956861838
40949737554
40947795684
40956268471
40956729014
40956286563